40 24 61 51 53 58 64 62 63 65 67 68 71 74 79 71 69 74 74 73 73 71 75 77 93 88 85 97 77 77 67 63 64 74 79 62 65 87 64 89 93 96 88 94 94 89 96 95 91 80 
27 22 43 41 53 55 64 63 63 64 66 68 71 68 81 76 72 74 73 73 73 71 72 50 71 56 83 90 71 65 22 42 78 72 63 87 81 79 72 72 97 92 77 81 72 94 96 93 96 95 
34 48 45 37 54 59 61 65 63 68 59 67 69 71 79 75 72 73 73 72 71 71 73 78 90 96 94 85 66 74 81 79 76 88 68 63 61 96 65 93 97 96 96 97 93 95 96 96 95 95 
40 40 40 44 53 49 62 66 63 64 65 63 68 75 78 76 67 75 74 75 74 72 72 76 92 97 89 97 85 97 85 81 86 96 91 96 95 91 97 92 91 96 97 95 91 95 96 71 96 95 
36 37 41 41 40 47 63 64 63 67 67 67 66 70 77 76 65 75 74 76 75 73 72 58 64 82 82 75 64 63 75 57 67 72 87 93 74 84 84 91 90 84 88 85 90 92 96 96 96 96 
53 46 40 54 58 58 61 65 65 69 66 68 66 72 77 80 71 63 76 74 72 71 73 42 91 76 88 97 87 64 84 85 97 96 96 97 58 83 73 58 45 80 40 88 95 93 96 95 95 95 
48 52 44 70 52 62 64 63 64 66 66 65 62 67 77 77 66 69 77 76 71 71 72 65 77 64 75 88 71 53 95 93 99 88 89 86 49 78 76 70 49 58 74 64 89 95 96 95 95 94 
64 56 43 75 61 61 66 66 67 68 67 66 58 76 78 78 63 63 77 78 71 72 73 70 77 94 75 63 53 59 94 69 96 86 95 97 38 65 55 43 40 32 62 95 96 96 95 94 95 95 
104 109 47 61 56 60 67 68 67 68 66 65 63 74 78 77 71 66 76 77 73 71 71 61 90 84 87 86 87 92 59 66 96 84 90 94 97 59 39 25 31 36 56 95 95 96 95 95 95 94 
87 98 103 57 64 59 64 68 69 68 65 65 67 75 80 77 76 61 79 77 75 73 69 70 79 81 77 70 53 79 98 94 93 81 90 88 86 49 34 29 24 35 77 95 95 94 95 94 95 95 
90 87 91 62 64 68 67 70 68 70 66 64 69 78 79 76 75 67 80 77 76 71 66 64 65 94 77 85 94 82 97 93 97 94 61 47 56 58 32 48 53 57 49 61 70 71 61 95 94 95 
95 91 86 97 61 58 62 71 70 70 66 62 70 78 77 72 76 76 79 75 76 72 64 61 65 84 79 72 87 91 90 94 96 98 36 30 33 35 65 68 64 61 55 39 37 33 53 94 94 94 
92 91 88 89 57 58 56 72 68 69 70 65 62 71 76 73 76 78 77 76 76 73 62 60 74 93 87 95 65 81 97 92 97 76 94 36 30 32 64 60 65 63 51 28 29 74 94 94 94 94 
48 90 87 86 94 56 51 69 62 58 67 67 63 68 78 69 77 77 77 74 76 70 61 56 84 91 90 96 97 90 90 94 96 95 95 77 47 45 44 60 62 62 54 47 94 94 94 94 93 94 
52 90 88 89 89 59 57 63 62 60 65 68 63 59 75 66 77 78 72 64 75 63 56 57 55 61 71 85 98 91 93 96 96 97 51 45 45 40 71 60 59 62 57 62 94 92 92 93 94 93 
47 48 86 84 88 83 50 53 60 61 67 67 63 61 71 70 66 71 63 60 65 61 56 56 68 90 75 82 82 79 93 80 83 46 46 47 83 93 54 57 55 55 51 73 71 66 68 90 94 93 
35 30 86 85 84 80 61 45 60 59 50 51 58 63 69 65 61 64 64 61 61 61 57 56 84 81 89 81 86 90 88 95 48 44 45 98 96 87 64 45 48 43 38 61 55 47 45 67 93 94 
32 28 49 85 87 87 78 44 58 58 52 48 51 57 57 59 62 61 61 61 60 60 58 57 82 88 90 83 91 91 94 45 47 43 96 98 101 104 107 112 92 89 60 76 67 53 32 94 93 112 
33 25 33 86 85 87 93 51 60 61 62 53 53 59 58 58 63 61 61 60 57 60 59 56 73 89 76 80 82 88 25 42 43 55 99 99 104 109 111 115 86 62 45 70 67 65 48 49 82 73 
42 30 36 86 84 89 88 69 59 54 59 54 52 55 58 58 63 61 60 58 59 57 57 56 69 85 88 82 90 88 24 21 23 48 50 68 110 114 114 112 103 89 52 51 103 64 100 61 98 78 
33 30 31 89 84 85 89 63 42 55 60 57 52 56 58 56 63 59 56 58 57 58 57 56 59 92 87 88 80 94 22 21 21 20 38 48 48 115 115 114 113 114 79 71 105 65 82 107 79 82 
32 30 30 72 88 91 84 62 90 38 48 39 50 51 58 55 65 60 58 58 58 58 56 54 80 93 91 95 93 98 22 22 21 21 21 22 47 47 50 115 114 100 61 56 76 73 64 104 79 101 
31 32 32 44 87 84 60 59 61 38 38 43 40 59 48 56 61 59 57 57 57 58 55 54 70 91 94 92 88 20 22 23 21 20 20 20 21 25 46 46 114 113 106 75 93 88 53 101 107 50 
39 36 31 31 93 85 88 62 53 54 35 37 35 37 47 60 57 58 59 59 54 56 51 88 87 91 91 92 94 26 21 22 21 22 20 21 22 21 22 43 45 47 114 113 90 82 42 67 51 70 
48 40 32 30 93 84 52 55 53 76 41 36 51 52 46 49 55 58 57 55 50 54 36 96 108 107 107 107 107 25 20 22 21 21 20 19 22 22 21 20 20 49 49 90 113 113 110 111 113 42 
53 48 29 38 59 88 62 55 55 51 38 36 45 48 45 41 42 43 58 54 51 51 39 43 106 105 103 104 108 21 23 21 20 20 20 18 20 19 20 20 19 21 57 119 114 113 113 112 113 110 
63 57 28 34 44 89 62 49 60 62 64 52 40 37 34 53 39 39 55 51 53 52 40 27 69 66 64 61 21 20 20 19 19 20 21 19 19 20 20 20 20 20 25 83 82 84 86 86 92 92 
73 70 28 34 32 94 63 52 53 60 82 40 38 36 37 35 41 50 51 52 50 52 36 67 68 66 64 63 21 21 20 18 20 24 19 19 17 20 19 20 21 19 23 56 54 55 58 61 57 58 
72 75 31 31 37 92 77 73 56 62 73 75 38 37 31 16 46 49 48 50 51 51 52 55 67 87 91 91 19 18 21 20 18 19 19 20 18 19 18 19 21 20 26 50 49 49 48 47 48 50 
70 75 33 46 38 94 87 65 62 63 63 82 39 32 16 37 43 47 39 50 51 50 51 51 67 87 91 94 18 18 19 17 18 18 17 19 17 18 17 19 19 16 48 42 44 41 41 41 43 59 
52 73 32 42 46 50 92 86 76 70 75 81 77 20 32 35 41 40 31 47 51 50 50 52 67 86 90 17 16 20 19 17 18 16 16 18 17 15 17 20 17 18 40 40 38 35 69 82 80 56 
36 61 30 37 50 48 63 87 75 75 96 92 91 32 31 37 42 17 45 44 50 48 48 50 63 85 90 17 14 16 17 15 17 15 17 18 15 16 16 17 21 85 36 33 31 54 73 43 34 60 
32 40 34 31 66 48 49 86 82 77 71 91 92 40 33 34 16 38 45 40 52 46 45 48 56 85 89 15 14 16 16 15 16 17 16 16 14 14 14 14 18 83 71 86 85 43 42 30 36 41 
35 42 34 36 46 54 88 55 69 67 76 84 90 101 34 17 34 39 46 39 44 44 45 47 51 83 86 14 12 12 15 14 14 14 16 14 14 15 14 30 80 84 80 80 85 65 38 29 37 29 
39 32 36 33 47 56 94 95 64 78 71 78 79 86 99 30 35 34 44 54 77 46 44 40 39 76 15 12 12 12 14 16 13 15 15 13 65 67 61 53 75 89 81 78 84 75 77 29 30 32 
44 34 33 32 49 48 95 52 51 83 77 67 80 86 78 35 36 44 88 83 82 76 75 75 70 62 15 12 9 11 12 15 12 13 12 12 54 59 43 69 76 68 75 81 64 66 62 50 46 29 
72 38 36 39 92 47 48 55 43 52 78 75 81 82 71 87 30 92 88 81 67 75 73 71 67 63 48 53 18 11 10 11 17 12 71 70 40 54 31 64 50 69 65 76 72 29 46 35 38 29 
94 49 38 95 93 73 52 93 88 38 48 66 57 69 80 89 39 87 83 81 78 69 65 64 63 61 55 60 55 69 67 52 53 57 84 66 63 47 38 58 71 19 31 66 61 60 41 26 27 29 
95 96 96 96 92 90 64 91 89 79 78 76 78 48 67 88 98 80 83 79 68 64 65 60 62 80 83 52 64 74 67 33 55 56 62 64 64 67 51 67 66 30 53 55 53 57 37 53 30 23 
96 97 96 95 96 92 90 88 86 76 65 61 60 74 53 73 96 71 75 74 65 63 58 53 74 81 68 46 73 73 64 50 43 38 47 73 58 58 47 60 59 44 15 49 20 46 49 45 51 27 
99 99 98 98 99 99 92 87 80 65 60 43 58 69 71 51 44 72 61 42 60 56 52 44 72 75 62 37 70 66 57 41 53 61 69 68 61 44 39 55 21 47 15 44 22 44 50 41 46 29 
101 101 101 101 99 101 96 79 75 49 54 39 59 65 70 76 29 60 81 41 55 49 46 71 69 76 48 43 67 65 60 67 52 51 52 59 53 21 42 40 33 38 14 45 23 22 48 31 27 29 
105 104 104 104 104 101 92 87 76 52 55 46 29 65 64 69 78 78 56 32 56 48 47 71 74 65 34 39 60 59 58 48 46 37 10 40 45 47 30 37 35 32 17 44 25 22 45 31 27 29 
108 108 107 107 106 105 101 98 89 44 49 34 31 57 60 61 63 53 46 38 78 73 68 66 62 58 27 38 48 51 48 47 46 31 45 39 43 42 32 6 5 5 11 46 52 17 18 20 22 26 
111 109 109 109 108 109 109 108 107 105 93 65 44 42 61 58 50 46 47 63 72 70 64 62 53 59 14 35 44 43 44 42 32 29 42 40 24 39 31 31 22 16 11 10 11 13 12 13 15 16 
111 113 111 105 99 97 102 103 102 101 100 93 70 50 41 50 51 47 38 65 70 66 62 70 84 59 73 78 38 34 10 37 30 25 39 38 11 19 30 26 21 27 31 31 30 29 30 33 35 37 
113 116 112 98 91 91 93 95 94 92 89 83 63 45 32 27 20 20 26 42 56 54 46 60 65 69 60 40 31 33 26 28 23 18 39 37 13 17 18 23 23 21 26 28 28 27 28 30 32 33 
116 112 104 93 79 65 39 38 51 72 81 80 81 85 84 81 75 73 74 87 100 76 79 75 36 32 30 49 67 70 73 68 64 51 47 38 28 31 28 33 29 10 15 18 19 19 20 21 24 26 
61 69 71 96 94 101 91 91 93 94 91 91 95 93 94 93 92 93 89 82 103 93 88 87 87 85 85 93 83 83 78 79 78 82 75 88 82 81 83 85 84 82 90 77 74 77 75 68 74 76 
101 99 94 104 88 87 102 94 97 102 103 101 93 86 86 84 83 86 94 96 100 99 102 102 101 98 90 94 88 91 98 99 95 90 90 90 92 89 97 94 96 96 95 97 97 94 91 88 90 93 
