60 57 51 60 62 62 64 64 66 68 71 78 80 73 67 74 74 72 72 74 74 76 89 91 97 93 78 78 74 64 71 62 78 64 67 88 55 93 93 98 95 96 87 97 97 97 97 96 98 80 
43 46 53 60 63 63 62 64 66 68 71 73 81 75 73 73 73 74 72 73 74 59 90 80 61 85 68 92 82 45 74 61 85 78 63 85 66 97 91 78 79 81 94 98 75 95 96 97 97 97 
47 46 53 51 63 64 64 68 59 69 71 72 78 76 73 73 73 74 73 72 73 73 78 91 98 98 66 75 74 89 68 87 68 77 65 96 65 99 98 97 98 97 95 97 97 97 97 97 97 97 
52 52 51 48 61 64 65 66 64 65 67 75 79 77 68 75 74 76 74 73 72 70 81 92 98 96 88 91 91 88 90 90 95 98 97 94 93 92 99 96 96 98 89 97 97 79 97 97 97 96 
55 46 56 49 71 65 66 68 67 66 66 74 79 76 68 74 74 75 75 71 71 70 64 82 87 70 61 66 63 74 67 79 96 82 91 70 90 93 93 89 86 91 81 94 97 98 96 97 97 96 
57 56 57 52 65 66 66 68 67 67 65 74 77 80 71 64 76 75 73 73 71 74 68 86 87 97 85 65 64 88 98 96 98 86 54 87 83 86 40 84 49 96 92 98 96 97 97 97 96 97 
61 55 63 62 56 64 66 65 65 67 61 73 78 77 66 69 78 76 72 71 71 74 88 78 65 64 67 67 63 98 84 94 99 57 57 79 81 58 53 78 65 88 97 97 81 97 96 96 96 96 
60 65 65 63 61 67 68 68 65 66 64 73 78 78 64 66 78 77 73 73 71 78 83 88 95 66 54 65 54 97 87 95 100 92 48 61 50 46 42 54 72 97 97 98 97 96 96 96 95 95 
66 68 58 65 58 67 67 68 67 63 65 76 78 78 72 66 77 77 75 73 72 70 84 74 75 85 85 92 95 66 85 90 91 99 90 52 33 34 34 37 83 96 97 97 97 97 96 96 96 96 
55 70 63 62 58 68 68 70 65 64 68 77 79 77 76 61 79 77 77 73 71 73 67 76 51 70 46 87 91 92 80 86 94 89 85 44 34 26 29 40 80 95 96 96 97 96 96 97 96 96 
61 60 69 66 66 70 70 71 65 65 73 78 78 75 77 66 80 77 77 72 70 62 53 75 58 95 95 87 96 97 97 97 62 48 57 67 29 54 53 61 50 72 74 62 96 96 96 96 97 96 
62 57 66 66 67 72 71 70 64 61 73 78 78 74 77 77 79 77 78 73 70 59 59 70 87 79 88 92 97 97 83 89 31 31 40 60 70 69 63 64 37 48 38 36 96 96 96 96 95 95 
107 56 64 57 57 69 68 72 69 66 64 66 78 72 77 78 78 78 77 75 61 58 80 89 95 70 84 95 95 96 78 93 87 36 26 57 62 65 67 59 48 26 34 96 96 96 96 96 96 96 
91 57 59 49 49 63 60 61 67 67 62 67 78 69 77 78 78 77 78 72 63 56 67 88 96 96 97 92 94 90 97 95 50 49 46 42 63 61 66 59 50 46 96 96 96 96 95 95 95 95 
87 87 52 49 50 63 62 61 68 68 61 62 76 69 78 79 73 63 75 64 58 56 50 65 67 88 96 96 96 97 97 49 48 48 91 48 62 60 65 60 59 62 95 89 96 95 95 96 95 95 
86 81 54 56 55 63 59 62 70 67 66 59 75 67 66 72 64 60 64 63 58 54 74 77 87 88 86 92 81 89 45 45 49 97 92 75 60 57 58 61 59 80 67 72 71 95 95 94 95 95 
86 86 80 51 50 58 56 60 57 53 61 60 73 66 61 65 65 61 62 61 58 56 73 88 95 95 90 80 79 47 39 48 99 96 88 69 49 47 38 40 59 61 49 46 58 95 95 95 95 94 
85 85 82 48 49 51 58 57 54 48 52 56 57 60 61 61 61 61 61 60 59 58 69 89 87 92 84 48 49 47 64 101 97 101 106 109 95 109 59 86 86 57 48 38 45 96 112 93 94 94 
83 87 91 102 49 52 60 64 61 54 45 57 56 58 63 61 62 59 57 61 60 55 74 80 86 90 89 29 45 41 98 98 102 106 111 114 109 72 69 73 70 88 88 41 90 90 63 79 56 56 
86 84 87 76 49 48 53 56 58 53 50 56 57 57 62 61 60 58 59 56 59 56 62 86 85 95 23 23 16 50 49 51 108 112 115 114 115 97 62 57 60 85 58 70 43 78 61 57 61 40 
88 86 86 68 66 48 53 55 60 53 50 56 57 56 64 59 58 59 58 59 59 56 74 86 94 78 25 23 23 23 56 53 49 112 116 115 115 113 109 70 78 77 100 102 105 74 82 65 60 71 
87 86 89 58 61 50 38 38 50 38 48 58 59 55 65 60 59 57 59 58 55 54 76 87 94 95 25 23 23 22 23 23 50 49 49 116 115 115 109 61 63 87 105 93 97 85 90 78 59 51 
84 85 88 61 60 86 38 38 39 40 40 55 50 56 59 58 57 58 58 58 55 53 70 91 89 91 22 23 22 22 21 23 22 23 50 48 93 115 97 77 68 86 58 79 69 80 66 43 56 70 
95 86 85 66 58 66 38 37 41 42 36 44 48 57 57 57 58 59 55 54 82 66 75 90 93 95 25 23 22 23 21 23 22 23 23 44 47 50 114 115 92 73 102 44 63 72 90 55 49 46 
52 87 83 59 58 67 69 39 39 39 47 53 47 47 52 56 56 55 50 46 111 109 108 108 108 20 21 25 23 23 22 19 22 21 23 21 21 51 48 69 116 115 114 113 107 80 67 49 95 70 
36 91 63 55 53 64 57 41 39 45 42 50 46 44 41 42 58 54 44 49 108 106 105 105 105 24 21 23 21 21 22 21 22 21 22 21 23 22 57 76 116 114 114 115 105 110 57 51 92 62 
29 93 66 51 49 89 54 47 42 43 40 38 40 48 44 36 55 51 52 17 73 68 66 64 63 24 21 22 20 20 22 20 21 22 22 22 21 20 23 83 85 84 84 88 92 94 94 96 86 40 
30 92 74 61 50 60 66 62 47 43 38 37 39 34 38 50 50 52 51 16 69 67 66 65 66 22 22 22 21 21 21 22 20 21 20 21 21 20 23 58 56 57 58 61 60 59 61 65 72 79 
28 90 89 73 66 58 59 86 40 38 38 38 28 18 45 49 48 50 50 53 52 55 67 86 65 21 22 20 20 22 19 24 19 20 18 20 22 20 20 53 53 48 49 49 48 50 54 54 56 62 
39 97 93 72 71 62 58 85 78 39 39 32 17 37 43 47 37 50 51 51 52 54 62 86 23 20 22 19 19 24 19 21 18 18 20 19 19 17 35 47 45 43 44 45 44 63 50 50 56 59 
46 49 95 87 76 60 66 85 92 39 32 26 33 37 42 37 38 46 51 50 49 51 60 85 17 18 19 20 20 18 18 19 17 17 17 18 17 17 42 39 38 38 70 82 83 62 55 54 55 58 
52 47 68 85 80 75 83 92 81 93 32 31 32 37 38 18 43 43 50 49 48 51 50 83 16 16 18 19 18 18 17 18 16 19 17 18 69 31 37 74 48 50 71 46 36 55 62 72 78 56 
48 42 47 91 75 76 76 86 93 90 35 32 33 34 17 43 47 40 51 45 45 48 45 85 15 15 16 18 18 16 18 16 16 16 14 16 63 91 85 87 68 50 44 33 37 39 41 34 53 62 
45 48 92 81 78 69 69 78 89 90 96 34 33 17 36 39 47 39 44 45 45 47 45 26 14 15 14 16 17 16 17 16 15 14 15 77 85 90 82 89 82 40 42 29 40 30 42 60 45 56 
39 61 95 93 91 82 77 81 79 79 87 93 17 32 36 35 79 74 46 43 43 40 38 15 12 10 14 15 15 14 15 14 66 67 75 67 87 83 82 71 78 75 32 30 31 34 36 36 39 36 
39 48 44 54 50 77 78 65 69 86 82 82 56 39 37 86 80 78 74 78 76 64 51 15 11 12 12 14 13 12 14 12 53 61 46 71 7 74 85 90 74 63 68 48 51 30 31 34 36 36 
93 47 50 73 49 43 43 76 77 87 79 72 88 40 91 84 68 76 71 74 71 69 42 47 53 11 11 11 21 13 75 80 54 54 67 54 66 52 76 75 23 30 36 39 28 30 34 36 37 38 
93 92 46 92 90 81 37 44 57 61 85 80 90 66 85 83 81 76 71 66 64 66 55 69 71 66 70 59 55 58 87 66 65 48 44 71 88 21 65 62 66 43 58 27 28 29 32 36 38 39 
94 91 89 88 89 87 79 72 76 78 59 75 85 99 83 81 74 66 66 60 58 79 83 55 46 76 73 42 58 58 66 61 59 62 50 66 29 34 50 54 59 54 53 53 22 24 28 28 29 30 
95 94 92 81 88 64 68 61 60 73 76 64 78 97 72 76 70 63 62 55 74 79 70 44 79 75 70 58 40 38 61 67 61 57 67 60 22 61 45 50 40 50 24 47 47 27 29 31 32 53 
97 100 92 57 81 67 61 37 51 71 70 54 53 54 67 60 63 58 54 48 73 76 62 35 70 71 61 47 47 61 62 69 53 43 53 61 23 16 45 36 24 51 48 25 48 28 30 32 30 53 
100 101 99 71 78 64 56 50 52 68 71 75 56 26 81 79 56 54 48 73 71 75 53 35 71 69 62 62 52 53 51 50 52 13 42 41 34 33 45 38 23 49 47 32 27 30 31 32 30 51 
104 102 94 86 85 65 51 80 31 66 67 67 73 75 67 52 57 50 45 76 71 67 46 25 63 57 58 49 49 38 52 24 45 37 44 37 37 32 47 49 21 19 23 33 27 30 31 31 29 52 
106 105 102 99 94 51 46 60 29 35 60 65 62 54 48 48 78 74 71 69 62 58 35 39 48 54 50 48 39 32 45 27 44 43 33 9 4 4 50 47 17 17 18 21 23 27 26 27 14 7 
109 109 109 108 107 105 98 78 49 44 53 61 55 49 46 53 72 73 68 63 54 59 23 13 44 44 44 43 34 30 43 46 45 41 32 31 24 15 16 11 11 13 12 12 14 17 20 19 20 4 
99 98 102 102 102 102 100 98 77 60 45 50 52 48 41 53 70 67 65 71 86 58 73 7 37 38 26 37 33 28 40 40 9 12 30 27 22 28 32 31 30 31 32 33 36 38 41 39 40 9 
92 93 94 94 94 92 91 87 71 53 38 32 25 20 23 27 53 56 49 65 68 69 54 40 30 32 13 29 25 21 39 39 18 13 17 19 25 21 26 28 28 28 29 31 33 34 34 33 37 55 
76 65 36 31 50 72 86 83 79 90 86 83 80 77 76 86 98 79 77 76 37 33 30 47 69 71 73 70 68 58 47 41 31 31 28 35 31 12 15 18 19 19 21 22 26 27 26 20 41 64 
92 98 90 93 91 92 93 91 99 96 93 92 92 92 87 102 104 91 91 90 88 89 85 88 83 81 81 81 79 78 92 88 84 89 86 89 88 82 83 83 79 73 68 78 78 93 94 87 88 89 
101 99 96 92 92 89 89 94 97 102 100 97 98 91 86 89 89 95 94 98 96 98 101 97 91 78 90 85 85 85 86 84 87 95 94 100 96 100 102 100 94 92 89 90 93 91 94 92 91 92 
